												
Tissue / Phantom	Element Composition (% by mass)											
	H	C	N	O	Na	Mg	P	S	Cl	K	Ca	Fe
Active bone marrow												
Male	10.44	35.58	3.38	49.76	0.02	0.00	0.10	0.20	0.22	0.20	0.00	0.10  0.00
Female	10.45	35.86	3.38	49.47	0.02	0.00	0.10	0.20	0.22	0.20	0.00	0.10  0.00	
Male	11.48	63.63	0.74	23.85	0.10	0.00	0.00	0.10	0.10	0.00	0.00	0.00  0.00
Female	11.48	63.65	0.74	23.83	0.10	0.00	0.00	0.10	0.10	0.00	0.00	0.00  0.00
Male	3.91	15.69	4.14	46.33	0.29	0.19	8.92	0.29	0.02	0.01	20.18	0.01  0.00
Female	3.91	15.69	4.14	46.35	0.29	0.19	8.92	0.29	0.02	0.01	20.18	0.01  0.00
